Batch_Size: 1080 LR: 5.0e-02
EEGNet_ReLU: 0.8657407164573669
EEGNet_LeakyReLU: 0.8666666746139526
EEGNet_ELU: 0.8361110687255859
DeepConvNet_ReLU: 0.8305555582046509
DeepConvNet_LeakyReLU: 0.8268518447875977
DeepConvNet_ELU: 0.8222222328186035
