Batch_Size: 256 LR: 5.0e-03
EEGNet_ReLU: 0.8574073910713196
EEGNet_LeakyReLU: 0.8574073910713196
EEGNet_ELU: 0.8444444537162781
DeepConvNet_ReLU: 0.8111110925674438
DeepConvNet_LeakyReLU: 0.8398147821426392
DeepConvNet_ELU: 0.824999988079071
