Batch_Size: 1080 LR: 1.0e-03
EEGNet_ReLU: 0.8833333253860474
EEGNet_LeakyReLU: 0.8685185313224792
EEGNet_ELU: 0.835185170173645
DeepConvNet_ReLU: 0.8138888478279114
DeepConvNet_LeakyReLU: 0.8481481075286865
DeepConvNet_ELU: 0.8129629492759705
