Batch_Size: 128 LR: 5.0e-03
EEGNet_ReLU: 0.8685185313224792
EEGNet_LeakyReLU: 0.875
EEGNet_ELU: 0.8231481313705444
DeepConvNet_ReLU: 0.8333333134651184
DeepConvNet_LeakyReLU: 0.8268518447875977
DeepConvNet_ELU: 0.8185185194015503
