Batch_Size: 256 LR: 1.0e-02
EEGNet_ReLU: 0.8666666746139526
EEGNet_LeakyReLU: 0.8537036776542664
EEGNet_ELU: 0.8185185194015503
DeepConvNet_ReLU: 0.8203703761100769
DeepConvNet_LeakyReLU: 0.8296296000480652
DeepConvNet_ELU: 0.8212962746620178
