Batch_Size: 128 LR: 5.0e-02
EEGNet_ReLU: 0.8694444298744202
EEGNet_LeakyReLU: 0.8601851463317871
EEGNet_ELU: 0.8435184955596924
DeepConvNet_ReLU: 0.5287036895751953
DeepConvNet_LeakyReLU: 0.8129629492759705
DeepConvNet_ELU: 0.8175925612449646
