Batch_Size: 1080 LR: 1.0e-02
EEGNet_ReLU: 0.864814817905426
EEGNet_LeakyReLU: 0.8462963104248047
EEGNet_ELU: 0.8425925970077515
DeepConvNet_ReLU: 0.800000011920929
DeepConvNet_LeakyReLU: 0.8166666626930237
DeepConvNet_ELU: 0.8138888478279114
