Batch_Size: 256 LR: 5.0e-02
EEGNet_ReLU: 0.8685185313224792
EEGNet_LeakyReLU: 0.8490740656852722
EEGNet_ELU: 0.8444444537162781
DeepConvNet_ReLU: 0.805555522441864
DeepConvNet_LeakyReLU: 0.8148148059844971
DeepConvNet_ELU: 0.8185185194015503
