Batch_Size: 1080 LR: 5.0e-03
EEGNet_ReLU: 0.8666666746139526
EEGNet_LeakyReLU: 0.8574073910713196
EEGNet_ELU: 0.8370370268821716
DeepConvNet_ReLU: 0.8083333373069763
DeepConvNet_LeakyReLU: 0.8148148059844971
DeepConvNet_ELU: 0.8203703761100769
