Batch_Size: 128 LR: 1.0e-03
EEGNet_ReLU: 0.885185182094574
EEGNet_LeakyReLU: 0.8629629611968994
EEGNet_ELU: 0.8361110687255859
DeepConvNet_ReLU: 0.8296296000480652
DeepConvNet_LeakyReLU: 0.8398147821426392
DeepConvNet_ELU: 0.8101851940155029
