Batch_Size: 128 LR: 5.0e-04
EEGNet_ReLU: 0.8722221851348877
EEGNet_LeakyReLU: 0.8768518567085266
EEGNet_ELU: 0.8388888835906982
DeepConvNet_ReLU: 0.8222222328186035
DeepConvNet_LeakyReLU: 0.8324074149131775
DeepConvNet_ELU: 0.8138888478279114
