Batch_Size: 128 LR: 1.0e-04
EEGNet_ReLU: 0.8601851463317871
EEGNet_LeakyReLU: 0.8537036776542664
EEGNet_ELU: 0.8324074149131775
DeepConvNet_ReLU: 0.8212962746620178
DeepConvNet_LeakyReLU: 0.8194444179534912
DeepConvNet_ELU: 0.8148148059844971
