Batch_Size: 256 LR: 1.0e-03
EEGNet_ReLU: 0.8777777552604675
EEGNet_LeakyReLU: 0.8722221851348877
EEGNet_ELU: 0.8388888835906982
DeepConvNet_ReLU: 0.8305555582046509
DeepConvNet_LeakyReLU: 0.8527777791023254
DeepConvNet_ELU: 0.8212962746620178
