Batch_Size: 128 LR: 1.0e-02
EEGNet_ReLU: 0.8666666746139526
EEGNet_LeakyReLU: 0.8518518209457397
EEGNet_ELU: 0.8185185194015503
DeepConvNet_ReLU: 0.8305555582046509
DeepConvNet_LeakyReLU: 0.8194444179534912
DeepConvNet_ELU: 0.8287037014961243
